<?xml version="1.0"?>
<opencv_storage>
<CameraMatrix type_id="opencv-matrix">
  <rows>3</rows>
  <cols>3</cols>
  <dt>f</dt>
  <data>
    3.43183716e+02 0. 1.57249115e+02 0. 3.37788879e+02 1.97360840e+02 0.
    0. 1.</data></CameraMatrix>
<DistortionCoeffs type_id="opencv-matrix">
  <rows>5</rows>
  <cols>1</cols>
  <dt>f</dt>
  <data>
    -9.27883759e-03 -5.18256247e-01 1.28657147e-02 7.39739910e-02
    5.70014775e-01</data></DistortionCoeffs>
<RotationValues type_id="opencv-matrix">
  <rows>3</rows>
  <cols>1</cols>
  <dt>f</dt>
  <data>
    1.38936925e+00 7.34295964e-01 -1.01245689e+00</data></RotationValues>
<TranslationValues type_id="opencv-matrix">
  <rows>3</rows>
  <cols>1</cols>
  <dt>f</dt>
  <data>
    6.95816528e+02 1.52620740e+03 3.47874609e+03</data></TranslationValues>
</opencv_storage>
