<?xml version="1.0"?>
<opencv_storage>
<CornersAmount>48</CornersAmount>
<Corner_0>
  358 301</Corner_0>
<Corner_1>
  367 304</Corner_1>
<Corner_2>
  377 307</Corner_2>
<Corner_3>
  387 309</Corner_3>
<Corner_4>
  397 312</Corner_4>
<Corner_5>
  407 315</Corner_5>
<Corner_6>
  417 318</Corner_6>
<Corner_7>
  429 321</Corner_7>
<Corner_8>
  350 304</Corner_8>
<Corner_9>
  358 308</Corner_9>
<Corner_10>
  368 310</Corner_10>
<Corner_11>
  377 312</Corner_11>
<Corner_12>
  388 315</Corner_12>
<Corner_13>
  399 319</Corner_13>
<Corner_14>
  410 321</Corner_14>
<Corner_15>
  421 324</Corner_15>
<Corner_16>
  341 308</Corner_16>
<Corner_17>
  351 310</Corner_17>
<Corner_18>
  360 313</Corner_18>
<Corner_19>
  370 316</Corner_19>
<Corner_20>
  380 319</Corner_20>
<Corner_21>
  391 322</Corner_21>
<Corner_22>
  402 325</Corner_22>
<Corner_23>
  413 328</Corner_23>
<Corner_24>
  332 311</Corner_24>
<Corner_25>
  341 313</Corner_25>
<Corner_26>
  352 317</Corner_26>
<Corner_27>
  361 320</Corner_27>
<Corner_28>
  372 322</Corner_28>
<Corner_29>
  382 325</Corner_29>
<Corner_30>
  393 329</Corner_30>
<Corner_31>
  405 332</Corner_31>
<Corner_32>
  323 313</Corner_32>
<Corner_33>
  332 317</Corner_33>
<Corner_34>
  342 320</Corner_34>
<Corner_35>
  351 323</Corner_35>
<Corner_36>
  362 326</Corner_36>
<Corner_37>
  373 329</Corner_37>
<Corner_38>
  385 333</Corner_38>
<Corner_39>
  396 336</Corner_39>
<Corner_40>
  314 317</Corner_40>
<Corner_41>
  323 320</Corner_41>
<Corner_42>
  332 322</Corner_42>
<Corner_43>
  343 326</Corner_43>
<Corner_44>
  353 330</Corner_44>
<Corner_45>
  364 333</Corner_45>
<Corner_46>
  376 336</Corner_46>
<Corner_47>
  387 340</Corner_47>
</opencv_storage>
