<?xml version="1.0"?>
<opencv_storage>
<CameraMatrix type_id="opencv-matrix">
  <rows>3</rows>
  <cols>3</cols>
  <dt>f</dt>
  <data>
    3.9561484223806119e+03 0. 1.5187234112892048e+02
	0. 3.2800753413166881e+03 1.9578589039835910e+02
	0. 0. 1.
  </data>
</CameraMatrix>
<DistortionCoeffs type_id="opencv-matrix">
  <rows>5</rows>
  <cols>1</cols>
  <dt>f</dt>
  <data>
    -1.3861586874839970e+01
	1.5331386835523221e+01
    3.5695263982026763e-02
	3.5865600529843689e-01
    -4.7943664087004453e+02
  </data>
</DistortionCoeffs>
</opencv_storage>
