<?xml version="1.0"?>
<opencv_storage>
<CornersAmount>48</CornersAmount>
<Corner_0>
  297 416</Corner_0>
<Corner_1>
  312 416</Corner_1>
<Corner_2>
  326 416</Corner_2>
<Corner_3>
  341 416</Corner_3>
<Corner_4>
  356 416</Corner_4>
<Corner_5>
  371 416</Corner_5>
<Corner_6>
  385 416</Corner_6>
<Corner_7>
  400 416</Corner_7>
<Corner_8>
  295 421</Corner_8>
<Corner_9>
  310 421</Corner_9>
<Corner_10>
  325 421</Corner_10>
<Corner_11>
  340 421</Corner_11>
<Corner_12>
  356 422</Corner_12>
<Corner_13>
  371 421</Corner_13>
<Corner_14>
  386 421</Corner_14>
<Corner_15>
  401 421</Corner_15>
<Corner_16>
  294 427</Corner_16>
<Corner_17>
  309 427</Corner_17>
<Corner_18>
  324 428</Corner_18>
<Corner_19>
  340 428</Corner_19>
<Corner_20>
  357 428</Corner_20>
<Corner_21>
  371 428</Corner_21>
<Corner_22>
  386 428</Corner_22>
<Corner_23>
  403 428</Corner_23>
<Corner_24>
  292 433</Corner_24>
<Corner_25>
  308 433</Corner_25>
<Corner_26>
  323 434</Corner_26>
<Corner_27>
  340 433</Corner_27>
<Corner_28>
  356 434</Corner_28>
<Corner_29>
  372 433</Corner_29>
<Corner_30>
  388 434</Corner_30>
<Corner_31>
  404 433</Corner_31>
<Corner_32>
  290 439</Corner_32>
<Corner_33>
  306 440</Corner_33>
<Corner_34>
  323 440</Corner_34>
<Corner_35>
  340 441</Corner_35>
<Corner_36>
  357 441</Corner_36>
<Corner_37>
  373 440</Corner_37>
<Corner_38>
  389 440</Corner_38>
<Corner_39>
  406 440</Corner_39>
<Corner_40>
  289 446</Corner_40>
<Corner_41>
  306 446</Corner_41>
<Corner_42>
  323 446</Corner_42>
<Corner_43>
  340 446</Corner_43>
<Corner_44>
  357 447</Corner_44>
<Corner_45>
  373 447</Corner_45>
<Corner_46>
  391 446</Corner_46>
<Corner_47>
  408 446</Corner_47>
</opencv_storage>
