<?xml version="1.0"?>
<opencv_storage>
<CameraMatrix type_id="opencv-matrix">
  <rows>3</rows>
  <cols>3</cols>
  <dt>f</dt>
  <data>
    3.95614844e+03 0. 1.51872345e+02 0. 3.28007544e+03 1.95785889e+02 0.
    0. 1.</data></CameraMatrix>
<DistortionCoeffs type_id="opencv-matrix">
  <rows>5</rows>
  <cols>1</cols>
  <dt>f</dt>
  <data>
    -1.38615866e+01 1.53313866e+01 3.56952623e-02 3.58656019e-01
    -4.79436646e+02</data></DistortionCoeffs>
<RotationValues type_id="opencv-matrix">
  <rows>3</rows>
  <cols>1</cols>
  <dt>f</dt>
  <data>
    1.43655032e-01 2.79967642e+00 -1.54965186e+00</data></RotationValues>
<TranslationValues type_id="opencv-matrix">
  <rows>3</rows>
  <cols>1</cols>
  <dt>f</dt>
  <data>
    7.59170776e+02 1.53842456e+03 2.42470762e+04</data></TranslationValues>
</opencv_storage>
