<?xml version="1.0"?>
<opencv_storage>
<CornersAmount>48</CornersAmount>
<Corner_0>
  232 350</Corner_0>
<Corner_1>
  241 346</Corner_1>
<Corner_2>
  251 344</Corner_2>
<Corner_3>
  261 341</Corner_3>
<Corner_4>
  269 338</Corner_4>
<Corner_5>
  278 335</Corner_5>
<Corner_6>
  287 333</Corner_6>
<Corner_7>
  296 330</Corner_7>
<Corner_8>
  240 353</Corner_8>
<Corner_9>
  249 350</Corner_9>
<Corner_10>
  259 347</Corner_10>
<Corner_11>
  270 343</Corner_11>
<Corner_12>
  278 341</Corner_12>
<Corner_13>
  288 338</Corner_13>
<Corner_14>
  297 336</Corner_14>
<Corner_15>
  306 333</Corner_15>
<Corner_16>
  249 355</Corner_16>
<Corner_17>
  258 353</Corner_17>
<Corner_18>
  270 350</Corner_18>
<Corner_19>
  278 347</Corner_19>
<Corner_20>
  288 344</Corner_20>
<Corner_21>
  297 341</Corner_21>
<Corner_22>
  307 338</Corner_22>
<Corner_23>
  315 336</Corner_23>
<Corner_24>
  258 360</Corner_24>
<Corner_25>
  267 356</Corner_25>
<Corner_26>
  277 353</Corner_26>
<Corner_27>
  288 350</Corner_27>
<Corner_28>
  297 347</Corner_28>
<Corner_29>
  306 344</Corner_29>
<Corner_30>
  315 341</Corner_30>
<Corner_31>
  324 338</Corner_31>
<Corner_32>
  269 363</Corner_32>
<Corner_33>
  276 359</Corner_33>
<Corner_34>
  287 356</Corner_34>
<Corner_35>
  297 353</Corner_35>
<Corner_36>
  307 349</Corner_36>
<Corner_37>
  316 347</Corner_37>
<Corner_38>
  325 344</Corner_38>
<Corner_39>
  333 341</Corner_39>
<Corner_40>
  277 366</Corner_40>
<Corner_41>
  288 363</Corner_41>
<Corner_42>
  297 359</Corner_42>
<Corner_43>
  308 356</Corner_43>
<Corner_44>
  317 353</Corner_44>
<Corner_45>
  326 350</Corner_45>
<Corner_46>
  334 346</Corner_46>
<Corner_47>
  343 343</Corner_47>
</opencv_storage>
